1|003001|110418|3001|00|00|Varias Var.|1725,26    |172,53     |1859,83    |37,96      |0,00       |
1|003002|110418|3003|00|60|BLANQUETA-M|2215,57    |221,56     |2388,39    |48,74      |0,00       |
1|003003|110418|3004|00|60|BLANQUETA-M|1167,51    |116,75     |1258,57    |25,69      |0,00       |
1|003004|110418|3008|00|60|BLANQUETA-M|1261,35    |126,14     |1359,74    |27,75      |0,00       |
1|003005|110418|3012|00|60|BLANQUETA-M|1395,71    |139,57     |1504,57    |30,71      |0,00       |
1|003006|110418|3013|00|60|BLANQUETA-M|151,42     |15,14      |163,23     |3,33       |0,00       |
1|003007|110418|3022|00|00|Varias Var.|5850,01    |585,00     |6306,31    |128,70     |0,00       |
1|003008|110418|3033|00|60|BLANQUETA-M|2388,57    |238,86     |2574,88    |52,55      |0,00       |
1|003009|110418|3034|00|60|BLANQUETA-M|1084,72    |108,47     |1169,33    |23,86      |0,00       |
1|003010|110418|3040|00|00|Varias Var.|4827,54    |482,75     |5204,08    |106,21     |0,00       |
1|003011|110418|3041|00|00|Varias Var.|6557,72    |655,77     |7069,22    |144,27     |0,00       |
1|003012|110418|3043|00|60|BLANQUETA-M|3426,32    |342,63     |3693,57    |75,38      |0,00       |
1|003013|110418|3045|00|60|BLANQUETA-M|2066,10    |206,61     |2227,26    |45,45      |0,00       |
1|003014|110418|3047|00|00|Varias Var.|5957,50    |595,75     |6422,18    |131,07     |0,00       |
1|003015|110418|3048|00|60|BLANQUETA-M|2872,79    |287,28     |3096,87    |63,20      |0,00       |
1|003016|110418|3049|00|60|BLANQUETA-M|2209,80    |220,98     |2382,16    |48,62      |0,00       |
1|003017|110418|3050|00|60|BLANQUETA-M|2025,92    |202,59     |2183,94    |44,57      |0,00       |
1|003018|110418|3051|00|60|BLANQUETA-M|580,37     |58,04      |625,64     |12,77      |0,00       |
1|003019|110418|3052|00|60|BLANQUETA-M|914,58     |91,46      |985,92     |20,12      |0,00       |
1|003020|110418|3053|00|60|BLANQUETA-M|296,13     |29,61      |319,23     |6,51       |0,00       |
1|003021|110418|3055|00|60|BLANQUETA-M|2488,87    |248,89     |2683,00    |54,76      |0,00       |
1|003022|110418|3056|00|60|BLANQUETA-M|114,67     |11,47      |123,62     |2,52       |0,00       |
1|003023|110418|3058|00|60|BLANQUETA-M|81,77      |8,18       |88,15      |1,80       |0,00       |
1|003024|110418|3060|00|60|BLANQUETA-M|1458,42    |145,84     |1572,17    |32,09      |0,00       |
1|003025|110418|3062|00|60|BLANQUETA-M|286,56     |28,66      |308,92     |6,30       |0,00       |
1|003026|110418|3063|00|60|BLANQUETA-M|422,26     |42,23      |455,20     |9,29       |0,00       |
1|003027|110418|3064|00|00|Varias Var.|2014,40    |201,44     |2171,52    |44,32      |0,00       |
1|003028|110418|3065|00|60|BLANQUETA-M|2119,70    |211,97     |2285,04    |46,63      |0,00       |
1|003029|110418|3068|00|00|Varias Var.|3108,88    |310,89     |3351,37    |68,40      |0,00       |
1|003030|110418|3069|00|60|BLANQUETA-M|2626,48    |262,65     |2831,35    |57,78      |0,00       |
1|003031|110418|3070|00|00|Varias Var.|2204,83    |220,48     |2376,80    |48,51      |0,00       |
1|003032|110418|3073|00|60|BLANQUETA-M|1288,35    |128,84     |1388,85    |28,34      |0,00       |
1|003033|110418|3078|00|60|BLANQUETA-M|420,68     |42,07      |453,49     |9,26       |0,00       |
1|003034|110418|3080|00|00|Varias Var.|2356,94    |235,69     |2540,78    |51,85      |0,00       |
1|003035|110418|3083|00|60|BLANQUETA-M|1394,55    |139,46     |1503,33    |30,68      |0,00       |
1|003036|110418|3085|00|60|BLANQUETA-M|3079,23    |307,92     |3319,41    |67,74      |0,00       |
1|003037|110418|3089|00|60|BLANQUETA-M|4743,88    |474,39     |5113,90    |104,37     |0,00       |
1|003038|110418|3090|00|60|BLANQUETA-M|2397,20    |239,72     |2584,18    |52,74      |0,00       |
1|003039|110418|3091|00|60|BLANQUETA-M|1122,38    |112,24     |1209,93    |24,69      |0,00       |
1|003040|110418|3092|00|60|BLANQUETA-M|588,34     |58,83      |634,23     |12,94      |0,00       |
1|003041|110418|3095|00|60|BLANQUETA-M|1561,58    |156,16     |1683,39    |34,35      |0,00       |
1|003042|110418|3098|00|60|BLANQUETA-M|245,11     |24,51      |264,23     |5,39       |0,00       |
1|003043|110418|3107|00|60|BLANQUETA-M|1903,89    |190,39     |2052,39    |41,89      |0,00       |
1|003044|110418|3108|00|60|BLANQUETA-M|490,76     |49,08      |529,04     |10,80      |0,00       |
1|003045|110418|3109|00|60|BLANQUETA-M|1347,61    |134,76     |1452,72    |29,65      |0,00       |
1|003046|110418|3110|00|60|BLANQUETA-M|3313,28    |331,33     |3571,72    |72,89      |0,00       |
1|003047|110418|3111|00|00|Varias Var.|3155,89    |315,59     |3402,05    |69,43      |0,00       |
1|003048|110418|3112|00|60|BLANQUETA-M|1081,52    |108,15     |1165,88    |23,79      |0,00       |
1|003049|110418|3114|00|60|BLANQUETA-M|395,70     |39,57      |426,56     |8,71       |0,00       |
1|003050|110418|3118|00|60|BLANQUETA-M|344,92     |34,49      |371,82     |7,59       |0,00       |
1|003051|110418|3119|00|60|BLANQUETA-M|2089,48    |208,95     |2252,46    |45,97      |0,00       |
1|003052|110418|3122|00|60|BLANQUETA-M|115,58     |11,56      |124,60     |2,54       |0,00       |
1|003053|110418|3123|00|60|BLANQUETA-M|779,25     |77,93      |840,04     |17,14      |0,00       |
1|003054|110418|3135|00|60|BLANQUETA-M|211,99     |21,20      |228,53     |4,66       |0,00       |
1|003055|110418|3138|00|00|Varias Var.|2386,32    |238,63     |2572,45    |52,50      |0,00       |
1|003056|110418|3144|00|60|BLANQUETA-M|3514,76    |351,48     |3788,92    |77,32      |0,00       |
1|003057|110418|3147|00|60|BLANQUETA-M|858,16     |85,82      |925,10     |18,88      |0,00       |
1|003058|110418|3148|00|60|BLANQUETA-M|859,57     |85,96      |926,62     |18,91      |0,00       |
1|003059|110418|3149|00|60|BLANQUETA-M|1564,67    |156,47     |1686,72    |34,42      |0,00       |
1|003060|110418|3150|00|60|BLANQUETA-M|2479,06    |247,91     |2672,43    |54,54      |0,00       |
1|003061|110418|3151|00|60|BLANQUETA-M|1396,88    |139,69     |1505,84    |30,73      |0,00       |
1|003062|110418|3152|00|60|BLANQUETA-M|224,11     |22,41      |241,59     |4,93       |0,00       |
1|003063|110418|3154|00|00|Varias Var.|2143,44    |214,34     |2310,62    |47,16      |0,00       |
1|003064|110418|3160|00|60|BLANQUETA-M|2012,62    |201,26     |2169,60    |44,28      |0,00       |
1|003065|110418|3163|00|60|BLANQUETA-M|840,84     |84,08      |906,42     |18,50      |0,00       |
1|003066|110418|3164|00|60|BLANQUETA-M|796,24     |79,62      |858,34     |17,52      |0,00       |
1|003067|110418|3169|00|60|BLANQUETA-M|412,46     |41,25      |444,64     |9,07       |0,00       |
1|003068|110418|3172|00|60|BLANQUETA-M|2059,68    |205,97     |2220,34    |45,31      |0,00       |
1|003069|110418|3184|00|60|BLANQUETA-M|1147,96    |114,80     |1237,50    |25,26      |0,00       |
1|003070|110418|3187|00|60|BLANQUETA-M|918,06     |91,81      |989,67     |20,20      |0,00       |
1|003071|110418|3190|00|00|Varias Var.|743,97     |74,40      |802,00     |16,37      |0,00       |
1|003072|110418|3191|00|60|BLANQUETA-M|812,01     |81,20      |875,35     |17,86      |0,00       |
1|003073|110418|3196|00|60|BLANQUETA-M|4919,33    |491,93     |5303,03    |108,23     |0,00       |
1|003074|110418|3197|00|60|BLANQUETA-M|2297,49    |229,75     |2476,70    |50,54      |0,00       |
1|003075|110418|3198|00|60|BLANQUETA-M|108,32     |10,83      |116,77     |2,38       |0,00       |
1|003076|110418|3199|00|60|BLANQUETA-M|439,41     |43,94      |473,68     |9,67       |0,00       |
1|003077|110418|3201|00|60|BLANQUETA-M|905,05     |90,51      |975,65     |19,91      |0,00       |
1|003078|110418|3203|00|60|BLANQUETA-M|3456,52    |345,65     |3726,13    |76,04      |0,00       |
1|003079|110418|3205|00|60|BLANQUETA-M|53,08      |5,31       |57,22      |1,17       |0,00       |
1|003080|110418|3206|00|60|BLANQUETA-M|2008,58    |200,86     |2165,25    |44,19      |0,00       |
1|003081|110418|3207|00|60|BLANQUETA-M|231,62     |23,16      |249,68     |5,10       |0,00       |
1|003082|110418|3208|00|60|BLANQUETA-M|1313,78    |131,38     |1416,26    |28,90      |0,00       |
1|003083|110418|3209|00|60|BLANQUETA-M|2665,80    |266,58     |2873,73    |58,65      |0,00       |
1|003084|110418|3210|00|00|Varias Var.|2902,80    |290,28     |3129,22    |63,86      |0,00       |
1|003085|110418|3214|00|00|Varias Var.|390,71     |39,07      |421,18     |8,60       |0,00       |
1|003086|110418|3217|00|00|Varias Var.|5280,78    |528,08     |5692,68    |116,18     |0,00       |
1|003087|110418|3218|00|60|BLANQUETA-M|1094,58    |109,46     |1179,96    |24,08      |0,00       |
1|003088|110418|3225|00|60|BLANQUETA-M|4448,13    |444,81     |4892,94    |0,00       |0,00       |
1|003089|110418|3226|00|00|Varias Var.|3919,44    |391,94     |4225,15    |86,23      |0,00       |
1|003090|110418|3231|00|60|BLANQUETA-M|1731,81    |173,18     |1866,89    |38,10      |0,00       |
1|003091|110418|3232|00|60|BLANQUETA-M|274,01     |27,40      |295,38     |6,03       |0,00       |
1|003092|110418|3236|00|60|BLANQUETA-M|933,54     |93,35      |1006,35    |20,54      |0,00       |
1|003093|110418|3237|00|60|BLANQUETA-M|1068,88    |106,89     |1152,25    |23,52      |0,00       |
1|003094|110418|3238|00|60|BLANQUETA-M|964,74     |96,47      |1039,99    |21,22      |0,00       |
1|003095|110418|3243|00|60|BLANQUETA-M|220,29     |22,03      |237,47     |4,85       |0,00       |
1|003096|110418|3244|00|60|BLANQUETA-M|1321,99    |132,20     |1425,11    |29,08      |0,00       |
1|003097|110418|3245|00|60|BLANQUETA-M|423,40     |42,34      |456,43     |9,31       |0,00       |
1|003098|110418|3248|00|60|BLANQUETA-M|455,99     |45,60      |491,56     |10,03      |0,00       |
1|003099|110418|3249|00|60|BLANQUETA-M|604,51     |60,45      |651,66     |13,30      |0,00       |
1|003100|110418|3250|00|00|Varias Var.|1391,44    |139,14     |1499,97    |30,61      |0,00       |
1|003101|110418|3255|00|60|BLANQUETA-M|2734,96    |273,50     |2948,29    |60,17      |0,00       |
1|003102|110418|3256|00|60|BLANQUETA-M|789,18     |78,92      |850,74     |17,36      |0,00       |
1|003103|110418|3257|00|60|BLANQUETA-M|415,82     |41,58      |448,25     |9,15       |0,00       |
1|003104|110418|3258|00|60|BLANQUETA-M|529,84     |52,98      |571,16     |11,66      |0,00       |
1|003105|110418|3263|00|60|BLANQUETA-M|2622,85    |262,29     |2827,44    |57,70      |0,00       |
1|003106|110418|3264|00|00|Varias Var.|1175,53    |117,55     |1267,22    |25,86      |0,00       |
1|003107|110418|3270|00|60|BLANQUETA-M|1354,02    |135,40     |1459,63    |29,79      |0,00       |
1|003108|110418|3271|00|60|BLANQUETA-M|877,38     |87,74      |945,82     |19,30      |0,00       |
1|003109|110418|3273|00|60|BLANQUETA-M|352,81     |35,28      |380,33     |7,76       |0,00       |
1|003110|110418|3276|00|60|BLANQUETA-M|903,96     |90,40      |974,47     |19,89      |0,00       |
1|003111|110418|3280|00|60|BLANQUETA-M|686,73     |68,67      |740,29     |15,11      |0,00       |
1|003112|110418|3281|00|60|BLANQUETA-M|665,18     |66,52      |717,07     |14,63      |0,00       |
1|003113|110418|3287|00|60|BLANQUETA-M|366,29     |36,63      |394,86     |8,06       |0,00       |
1|003114|110418|3288|00|60|BLANQUETA-M|1186,56    |118,66     |1279,12    |26,10      |0,00       |
1|003115|110418|3294|00|00|Varias Var.|672,35     |67,24      |724,80     |14,79      |0,00       |
1|003116|110418|3298|00|60|BLANQUETA-M|399,43     |39,94      |430,58     |8,79       |0,00       |
1|003117|110418|3299|00|60|BLANQUETA-M|812,63     |81,26      |876,01     |17,88      |0,00       |
1|003118|110418|3300|00|00|Varias Var.|813,97     |81,40      |877,46     |17,91      |0,00       |
1|003119|110418|3304|00|60|BLANQUETA-M|616,06     |61,61      |664,12     |13,55      |0,00       |
1|003120|110418|3306|00|60|BLANQUETA-M|635,47     |63,55      |685,04     |13,98      |0,00       |
1|003121|110418|3308|00|60|BLANQUETA-M|1232,51    |123,25     |1328,64    |27,12      |0,00       |
1|003122|110418|3315|00|60|BLANQUETA-M|2226,20    |222,62     |2399,84    |48,98      |0,00       |
1|003123|110418|3316|00|00|Varias Var.|3116,20    |311,62     |3359,26    |68,56      |0,00       |
1|003124|110418|3317|00|60|BLANQUETA-M|1771,48    |177,15     |1909,66    |38,97      |0,00       |
1|003125|110418|3318|00|60|BLANQUETA-M|597,06     |59,71      |643,63     |13,14      |0,00       |
1|003126|110418|3323|00|60|BLANQUETA-M|106,85     |10,69      |115,19     |2,35       |0,00       |
1|003127|110418|3326|00|00|Varias Var.|2145,76    |214,58     |2313,13    |47,21      |0,00       |
1|003128|110418|3327|00|60|BLANQUETA-M|1132,00    |113,20     |1220,30    |24,90      |0,00       |
1|003129|110418|3331|00|60|BLANQUETA-M|581,98     |58,20      |627,38     |12,80      |0,00       |
1|003130|110418|3334|00|60|BLANQUETA-M|1085,20    |108,52     |1169,85    |23,87      |0,00       |
1|003131|110418|3336|00|60|BLANQUETA-M|419,71     |41,97      |452,45     |9,23       |0,00       |
1|003132|110418|3338|00|00|Varias Var.|2763,67    |276,37     |2979,24    |60,80      |0,00       |
1|003133|110418|3343|00|60|BLANQUETA-M|10466,33   |1046,63    |11282,70   |230,26     |0,00       |
1|003134|110418|3345|00|60|BLANQUETA-M|2348,09    |234,81     |2531,24    |51,66      |0,00       |
1|003135|110418|3350|00|60|BLANQUETA-M|1633,55    |163,36     |1760,97    |35,94      |0,00       |
1|003136|110418|3351|00|60|BLANQUETA-M|1639,09    |163,91     |1766,94    |36,06      |0,00       |
1|003137|110418|3353|00|60|BLANQUETA-M|2270,93    |227,09     |2448,06    |49,96      |0,00       |
1|003138|110418|3359|00|60|BLANQUETA-M|943,31     |94,33      |1016,89    |20,75      |0,00       |
1|003139|110418|3360|00|60|BLANQUETA-M|480,27     |48,03      |517,73     |10,57      |0,00       |
1|003140|110418|3369|00|60|BLANQUETA-M|586,29     |58,63      |632,02     |12,90      |0,00       |
1|003141|110418|3375|00|60|BLANQUETA-M|215,40     |21,54      |232,20     |4,74       |0,00       |
1|003142|110418|3376|00|60|BLANQUETA-M|796,06     |79,61      |858,16     |17,51      |0,00       |
1|003143|110418|3377|00|60|BLANQUETA-M|1542,80    |154,28     |1663,14    |33,94      |0,00       |
1|003144|110418|3385|00|60|BLANQUETA-M|6330,39    |633,04     |6824,16    |139,27     |0,00       |
1|003145|110418|3387|00|00|Varias Var.|1505,85    |150,59     |1623,31    |33,13      |0,00       |
1|003146|110418|3388|00|60|BLANQUETA-M|574,02     |57,40      |618,79     |12,63      |0,00       |
1|003147|110418|3390|00|60|BLANQUETA-M|165,53     |16,55      |178,44     |3,64       |0,00       |
1|003148|110418|3391|00|60|BLANQUETA-M|2334,00    |233,40     |2516,05    |51,35      |0,00       |
1|003149|110418|3394|00|60|BLANQUETA-M|142,91     |14,29      |154,06     |3,14       |0,00       |
1|003150|110418|3397|00|60|BLANQUETA-M|210,32     |21,03      |226,72     |4,63       |0,00       |
1|003151|110418|3401|00|00|Varias Var.|2251,47    |225,15     |2427,09    |49,53      |0,00       |
1|003152|110418|3402|00|60|BLANQUETA-M|6323,20    |632,32     |6816,41    |139,11     |0,00       |
1|003153|110418|3405|00|00|Varias Var.|1882,62    |188,26     |2029,46    |41,42      |0,00       |
1|003154|110418|3406|00|60|BLANQUETA-M|1234,08    |123,41     |1330,34    |27,15      |0,00       |
1|003155|110418|3407|00|60|BLANQUETA-M|2433,11    |243,31     |2622,89    |53,53      |0,00       |
1|003156|110418|3408|00|60|BLANQUETA-M|284,08     |28,41      |306,24     |6,25       |0,00       |
1|003157|110418|3413|00|60|BLANQUETA-M|1514,66    |151,47     |1632,81    |33,32      |0,00       |
1|003158|110418|3415|00|60|BLANQUETA-M|1893,28    |189,33     |2040,96    |41,65      |0,00       |
1|003159|110418|3417|00|60|BLANQUETA-M|968,30     |96,83      |1043,83    |21,30      |0,00       |
1|003160|110418|3418|00|60|BLANQUETA-M|3118,14    |311,81     |3361,35    |68,60      |0,00       |
1|003161|110418|3422|00|60|BLANQUETA-M|1310,37    |131,04     |1412,58    |28,83      |0,00       |
1|003162|110418|3423|00|60|BLANQUETA-M|378,40     |37,84      |407,92     |8,32       |0,00       |
1|003163|110418|3424|00|60|BLANQUETA-M|1645,09    |164,51     |1773,41    |36,19      |0,00       |
1|003164|110418|3429|00|60|BLANQUETA-M|11023,78   |1102,38    |11883,64   |242,52     |0,00       |
1|003165|110418|3431|00|60|BLANQUETA-M|1174,78    |117,48     |1266,41    |25,85      |0,00       |
1|003166|110418|3432|00|60|BLANQUETA-M|311,23     |31,12      |335,50     |6,85       |0,00       |
1|003167|110418|3433|00|60|BLANQUETA-M|712,13     |71,21      |767,67     |15,67      |0,00       |
1|003168|110418|3438|00|60|BLANQUETA-M|1211,16    |121,12     |1305,63    |26,65      |0,00       |
1|003169|110418|3444|00|60|BLANQUETA-M|2991,45    |299,15     |3224,79    |65,81      |0,00       |
1|003170|110418|3450|00|60|BLANQUETA-M|722,63     |72,26      |778,99     |15,90      |0,00       |
1|003171|110418|3452|00|60|BLANQUETA-M|1306,18    |130,62     |1408,06    |28,74      |0,00       |
1|003172|110418|3455|00|60|BLANQUETA-M|1099,59    |109,96     |1185,36    |24,19      |0,00       |
1|003173|110418|3457|00|60|BLANQUETA-M|362,69     |36,27      |390,98     |7,98       |0,00       |
1|003174|110418|3460|00|60|BLANQUETA-M|700,53     |70,05      |755,17     |15,41      |0,00       |
1|003175|110418|3462|00|60|BLANQUETA-M|935,97     |93,60      |1008,98    |20,59      |0,00       |
1|003176|110418|3465|00|60|BLANQUETA-M|72,58      |7,26       |78,24      |1,60       |0,00       |
1|003177|110418|3469|00|60|BLANQUETA-M|637,20     |63,72      |686,90     |14,02      |0,00       |
1|003178|110418|3473|00|00|Varias Var.|1645,66    |164,57     |1774,03    |36,20      |0,00       |
1|003179|110418|3480|00|60|BLANQUETA-M|2553,89    |255,39     |2753,09    |56,19      |0,00       |
1|003180|110418|3481|00|60|BLANQUETA-M|510,81     |51,08      |550,65     |11,24      |0,00       |
1|003181|110418|3489|00|60|BLANQUETA-M|2491,56    |249,16     |2685,91    |54,81      |0,00       |
1|003182|110418|3490|00|60|BLANQUETA-M|898,28     |89,83      |968,35     |19,76      |0,00       |
1|003183|110418|3491|00|60|BLANQUETA-M|640,33     |64,03      |690,27     |14,09      |0,00       |
1|003184|110418|3492|00|60|BLANQUETA-M|1616,85    |161,69     |1742,97    |35,57      |0,00       |
1|003185|110418|3493|00|60|BLANQUETA-M|683,60     |68,36      |736,92     |15,04      |0,00       |
1|003186|110418|3496|00|60|BLANQUETA-M|117,27     |11,73      |126,42     |2,58       |0,00       |
1|003187|110418|3497|00|60|BLANQUETA-M|372,96     |37,30      |402,05     |8,21       |0,00       |
1|003188|110418|3498|00|60|BLANQUETA-M|332,43     |33,24      |358,36     |7,31       |0,00       |
1|003189|110418|3499|00|60|BLANQUETA-M|2966,17    |296,62     |3197,53    |65,26      |0,00       |
1|003190|110418|3510|00|60|BLANQUETA-M|2309,58    |230,96     |2489,73    |50,81      |0,00       |
1|003191|110418|3513|00|60|BLANQUETA-M|511,83     |51,18      |551,75     |11,26      |0,00       |
1|003192|110418|3515|00|60|BLANQUETA-M|2001,50    |200,15     |2157,62    |44,03      |0,00       |
1|003193|110418|3519|00|60|BLANQUETA-M|111,36     |11,14      |120,05     |2,45       |0,00       |
1|003194|110418|3520|00|60|BLANQUETA-M|2915,64    |291,56     |3143,06    |64,14      |0,00       |
1|003195|110418|3521|00|60|BLANQUETA-M|1175,11    |117,51     |1266,77    |25,85      |0,00       |
1|003196|110418|3525|00|60|BLANQUETA-M|3212,77    |321,28     |3463,37    |70,68      |0,00       |
1|003197|110418|3536|00|60|BLANQUETA-M|1537,13    |153,71     |1657,02    |33,82      |0,00       |
1|003198|110418|3540|00|60|BLANQUETA-M|1809,72    |180,97     |1950,88    |39,81      |0,00       |
1|003199|110418|3546|00|60|BLANQUETA-M|287,92     |28,79      |310,38     |6,33       |0,00       |
1|003200|110418|3549|00|60|BLANQUETA-M|625,28     |62,53      |674,05     |13,76      |0,00       |
1|003201|110418|3557|00|60|BLANQUETA-M|4312,49    |431,25     |4648,87    |94,87      |0,00       |
1|003202|110418|3558|00|60|BLANQUETA-M|161,66     |16,17      |174,27     |3,56       |0,00       |
1|003203|110418|3559|00|60|BLANQUETA-M|632,04     |63,20      |681,34     |13,90      |0,00       |
1|003204|110418|3564|00|00|Varias Var.|1148,02    |114,80     |1237,56    |25,26      |0,00       |
1|003205|110418|3565|00|60|BLANQUETA-M|1005,77    |100,58     |1084,22    |22,13      |0,00       |
1|003206|110418|3566|00|60|BLANQUETA-M|307,72     |30,77      |331,72     |6,77       |0,00       |
1|003207|110418|3569|00|00|Varias Var.|1166,54    |116,65     |1257,53    |25,66      |0,00       |
1|003208|110418|3572|00|60|BLANQUETA-M|723,98     |72,40      |780,45     |15,93      |0,00       |
1|003209|110418|3573|00|60|BLANQUETA-M|654,06     |65,41      |705,08     |14,39      |0,00       |
1|003210|110418|3575|00|60|BLANQUETA-M|575,42     |57,54      |620,30     |12,66      |0,00       |
1|003211|110418|3580|00|60|BLANQUETA-M|962,73     |96,27      |1037,82    |21,18      |0,00       |
1|003212|110418|3585|00|60|BLANQUETA-M|307,09     |30,71      |331,04     |6,76       |0,00       |
1|003213|110418|3588|00|60|BLANQUETA-M|315,07     |31,51      |339,65     |6,93       |0,00       |
1|003214|110418|3590|00|60|BLANQUETA-M|544,58     |54,46      |587,06     |11,98      |0,00       |
1|003215|110418|3593|00|60|BLANQUETA-M|4848,76    |484,88     |5226,97    |106,67     |0,00       |
1|003216|110418|3596|00|60|BLANQUETA-M|1064,35    |106,44     |1147,37    |23,42      |0,00       |
1|003217|110418|3602|00|00|Varias Var.|2118,74    |211,87     |2284,00    |46,61      |0,00       |
1|003218|110418|3605|00|60|BLANQUETA-M|2186,95    |218,70     |2357,54    |48,11      |0,00       |
1|003219|110418|3606|00|60|BLANQUETA-M|83,31      |8,33       |89,81      |1,83       |0,00       |
1|003220|110418|3609|00|60|BLANQUETA-M|3396,26    |339,63     |3661,17    |74,72      |0,00       |
1|003221|110418|3615|00|60|BLANQUETA-M|576,22     |57,62      |621,16     |12,68      |0,00       |
1|003222|110418|3620|00|60|BLANQUETA-M|470,71     |47,07      |507,42     |10,36      |0,00       |
1|003223|110418|3621|00|60|BLANQUETA-M|126,66     |12,67      |136,54     |2,79       |0,00       |
1|003224|110418|3622|00|60|BLANQUETA-M|565,13     |56,51      |609,21     |12,43      |0,00       |
1|003225|110418|3626|00|60|BLANQUETA-M|392,40     |39,24      |423,01     |8,63       |0,00       |
1|003226|110418|3628|00|60|BLANQUETA-M|705,71     |70,57      |760,75     |15,53      |0,00       |
1|003227|110418|3629|00|60|BLANQUETA-M|524,24     |52,42      |565,13     |11,53      |0,00       |
1|003228|110418|3631|00|60|BLANQUETA-M|61,02      |6,10       |65,78      |1,34       |0,00       |
1|003229|110418|3632|00|00|Varias Var.|3866,06    |386,61     |4167,62    |85,05      |0,00       |
1|003230|110418|3645|00|60|BLANQUETA-M|716,30     |71,63      |772,17     |15,76      |0,00       |
1|003231|110418|3653|00|60|BLANQUETA-M|653,64     |65,36      |704,62     |14,38      |0,00       |
1|003232|110418|3654|00|60|BLANQUETA-M|868,94     |86,89      |936,71     |19,12      |0,00       |
1|003233|110418|3658|00|60|BLANQUETA-M|950,08     |95,01      |1024,19    |20,90      |0,00       |
1|003234|110418|3660|00|00|Varias Var.|947,70     |94,77      |1021,62    |20,85      |0,00       |
1|003235|110418|3662|00|60|BLANQUETA-M|729,39     |72,94      |786,28     |16,05      |0,00       |
1|003236|110418|3664|00|60|BLANQUETA-M|906,02     |90,60      |976,69     |19,93      |0,00       |
1|003237|110418|3665|00|60|BLANQUETA-M|690,54     |69,05      |744,40     |15,19      |0,00       |
1|003238|110418|3678|00|60|BLANQUETA-M|1886,54    |188,65     |2033,69    |41,50      |0,00       |
1|003239|110418|3679|00|60|BLANQUETA-M|374,61     |37,46      |403,83     |8,24       |0,00       |
1|003240|110418|3681|00|60|BLANQUETA-M|158,16     |15,82      |170,50     |3,48       |0,00       |
1|003241|110418|3684|00|60|BLANQUETA-M|507,90     |50,79      |547,52     |11,17      |0,00       |
1|003242|110418|3687|00|60|BLANQUETA-M|345,89     |34,59      |372,87     |7,61       |0,00       |
1|003243|110418|3688|00|60|BLANQUETA-M|1271,63    |127,16     |1370,81    |27,98      |0,00       |
1|003244|110418|3692|00|60|BLANQUETA-M|1446,71    |144,67     |1559,55    |31,83      |0,00       |
1|003245|110418|3693|00|00|Varias Var.|1499,36    |149,94     |1616,31    |32,99      |0,00       |
1|003246|110418|3696|00|60|BLANQUETA-M|134,50     |13,45      |144,99     |2,96       |0,00       |
1|003247|110418|3702|00|60|BLANQUETA-M|1044,59    |104,46     |1126,07    |22,98      |0,00       |
1|003248|110418|3708|00|60|BLANQUETA-M|690,32     |69,03      |744,16     |15,19      |0,00       |
1|003249|110418|3710|00|60|BLANQUETA-M|909,10     |90,91      |980,01     |20,00      |0,00       |
1|003250|110418|3712|00|60|BLANQUETA-M|347,59     |34,76      |374,70     |7,65       |0,00       |
1|003251|110418|3716|00|60|BLANQUETA-M|659,83     |65,98      |711,29     |14,52      |0,00       |
1|003252|110418|3723|00|60|BLANQUETA-M|397,58     |39,76      |428,59     |8,75       |0,00       |
1|003253|110418|3724|00|60|BLANQUETA-M|165,54     |16,55      |178,45     |3,64       |0,00       |
1|003254|110418|3726|00|60|BLANQUETA-M|1058,38    |105,84     |1140,94    |23,28      |0,00       |
1|003255|110418|3733|00|60|BLANQUETA-M|1046,65    |104,67     |1128,29    |23,03      |0,00       |
1|003256|110418|3741|00|60|BLANQUETA-M|2051,41    |205,14     |2211,42    |45,13      |0,00       |
1|003257|110418|3749|00|00|Varias Var.|2093,87    |209,39     |2257,19    |46,07      |0,00       |
1|003258|110418|3750|00|60|BLANQUETA-M|689,04     |68,90      |742,78     |15,16      |0,00       |
1|003259|110418|3751|00|00|Varias Var.|416,99     |41,70      |449,52     |9,17       |0,00       |
1|003260|110418|3756|00|60|BLANQUETA-M|123,73     |12,37      |133,38     |2,72       |0,00       |
1|003261|110418|3764|00|00|Varias Var.|3391,52    |339,15     |3656,06    |74,61      |0,00       |
1|003262|110418|3767|00|60|BLANQUETA-M|667,30     |66,73      |719,35     |14,68      |0,00       |
1|003263|110418|3768|00|60|BLANQUETA-M|422,82     |42,28      |455,80     |9,30       |0,00       |
1|003264|110418|3772|00|60|BLANQUETA-M|841,27     |84,13      |906,89     |18,51      |0,00       |
1|003265|110418|3773|00|60|BLANQUETA-M|584,95     |58,50      |630,58     |12,87      |0,00       |
1|003266|110418|3779|00|60|BLANQUETA-M|856,61     |85,66      |923,42     |18,85      |0,00       |
1|003267|110418|3782|00|60|BLANQUETA-M|202,40     |20,24      |218,19     |4,45       |0,00       |
1|003268|110418|3783|00|60|BLANQUETA-M|894,49     |89,45      |964,26     |19,68      |0,00       |
1|003269|110418|3784|00|60|BLANQUETA-M|646,60     |64,66      |697,03     |14,23      |0,00       |
1|003270|110418|3788|00|00|Varias Var.|550,87     |55,09      |593,84     |12,12      |0,00       |
1|003271|110418|3790|00|60|BLANQUETA-M|1198,84    |119,88     |1292,35    |26,37      |0,00       |
1|003272|110418|3794|00|60|BLANQUETA-M|836,40     |83,64      |901,64     |18,40      |0,00       |
1|003273|110418|3798|00|60|BLANQUETA-M|471,37     |47,14      |508,14     |10,37      |0,00       |
1|003274|110418|3799|00|60|BLANQUETA-M|878,37     |87,84      |946,89     |19,32      |0,00       |
1|003275|110418|3814|00|60|BLANQUETA-M|1090,98    |109,10     |1176,08    |24,00      |0,00       |
1|003276|110418|3818|00|60|BLANQUETA-M|1570,95    |157,10     |1693,49    |34,56      |0,00       |
1|003277|110418|3825|00|60|BLANQUETA-M|2714,39    |271,44     |2926,11    |59,72      |0,00       |
1|003278|110418|3829|00|00|Varias Var.|744,20     |74,42      |802,25     |16,37      |0,00       |
1|003279|110418|3837|00|60|BLANQUETA-M|2212,75    |221,28     |2385,35    |48,68      |0,00       |
1|003280|110418|3841|00|60|BLANQUETA-M|136,62     |13,66      |147,27     |3,01       |0,00       |
1|003281|110418|3844|00|60|BLANQUETA-M|1448,87    |144,89     |1561,88    |31,88      |0,00       |
1|003282|110418|3847|00|60|BLANQUETA-M|914,73     |91,47      |986,08     |20,12      |0,00       |
1|003283|110418|3850|00|60|BLANQUETA-M|449,47     |44,95      |484,53     |9,89       |0,00       |
1|003284|110418|3855|00|00|Varias Var.|796,45     |79,65      |858,58     |17,52      |0,00       |
1|003285|110418|3856|00|60|BLANQUETA-M|2285,96    |228,60     |2464,27    |50,29      |0,00       |
1|003286|110418|3859|00|60|BLANQUETA-M|2077,38    |207,74     |2239,42    |45,70      |0,00       |
1|003287|110418|3860|00|60|BLANQUETA-M|2555,88    |255,59     |2755,24    |56,23      |0,00       |
1|003288|110418|3861|00|00|Varias Var.|1465,46    |146,55     |1579,77    |32,24      |0,00       |
1|003289|110418|3862|00|60|BLANQUETA-M|979,43     |97,94      |1055,82    |21,55      |0,00       |
1|003290|110418|3863|00|60|BLANQUETA-M|2308,03    |230,80     |2488,05    |50,78      |0,00       |
1|003291|110418|3864|00|60|BLANQUETA-M|385,00     |38,50      |415,03     |8,47       |0,00       |
1|003292|110418|3867|00|60|BLANQUETA-M|760,75     |76,08      |820,09     |16,74      |0,00       |
1|003293|110418|3870|00|60|BLANQUETA-M|1372,83    |137,28     |1479,91    |30,20      |0,00       |
1|003294|110418|3872|00|60|BLANQUETA-M|385,22     |38,52      |415,27     |8,47       |0,00       |
1|003295|110418|3874|00|60|BLANQUETA-M|1751,79    |175,18     |1888,43    |38,54      |0,00       |
1|003296|110418|3875|00|60|BLANQUETA-M|208,46     |20,85      |224,72     |4,59       |0,00       |
1|003297|110418|3877|00|60|BLANQUETA-M|1985,97    |198,60     |2140,88    |43,69      |0,00       |
1|003298|110418|3878|00|60|BLANQUETA-M|1476,31    |147,63     |1591,46    |32,48      |0,00       |
1|003299|110418|3881|00|60|BLANQUETA-M|1668,40    |166,84     |1798,54    |36,70      |0,00       |
1|003300|110418|3884|00|60|BLANQUETA-M|2450,30    |245,03     |2641,42    |53,91      |0,00       |
1|003301|110418|3899|00|60|BLANQUETA-M|931,93     |93,19      |1004,62    |20,50      |0,00       |
1|003302|110418|3905|00|00|Varias Var.|3367,87    |336,79     |3630,57    |74,09      |0,00       |
1|003303|110418|3909|00|60|BLANQUETA-M|158,91     |15,89      |171,30     |3,50       |0,00       |
1|003304|110418|3910|00|60|BLANQUETA-M|1400,99    |140,10     |1510,27    |30,82      |0,00       |
1|003305|110418|3912|00|60|BLANQUETA-M|413,11     |41,31      |445,33     |9,09       |0,00       |
1|003306|110418|3915|00|60|BLANQUETA-M|451,87     |45,19      |487,12     |9,94       |0,00       |
1|003307|110418|3916|00|60|BLANQUETA-M|2063,86    |206,39     |2224,84    |45,41      |0,00       |
1|003308|110418|3925|00|60|BLANQUETA-M|2951,23    |295,12     |3181,42    |64,93      |0,00       |
1|003309|110418|3926|00|60|BLANQUETA-M|952,78     |95,28      |1027,10    |20,96      |0,00       |
1|003310|110418|3928|00|60|BLANQUETA-M|312,19     |31,22      |336,54     |6,87       |0,00       |
1|003311|110418|3930|00|60|BLANQUETA-M|619,93     |61,99      |668,28     |13,64      |0,00       |
1|003312|110418|3943|00|60|BLANQUETA-M|206,83     |20,68      |222,96     |4,55       |0,00       |
1|003313|110418|3945|00|60|BLANQUETA-M|491,10     |49,11      |529,41     |10,80      |0,00       |
1|003314|110418|3948|00|60|BLANQUETA-M|256,39     |25,64      |282,03     |0,00       |0,00       |
1|003315|110418|3951|00|60|BLANQUETA-M|507,60     |50,76      |547,19     |11,17      |0,00       |
1|003316|110418|3953|00|60|BLANQUETA-M|895,42     |89,54      |965,26     |19,70      |0,00       |
1|003317|110418|3954|00|00|Varias Var.|662,43     |66,24      |714,10     |14,57      |0,00       |
1|003318|110418|3956|00|60|BLANQUETA-M|233,93     |23,39      |252,17     |5,15       |0,00       |
1|003319|110418|3958|00|00|Varias Var.|2891,48    |289,15     |3117,02    |63,61      |0,00       |
1|003320|110418|3959|00|60|BLANQUETA-M|2468,56    |246,86     |2661,11    |54,31      |0,00       |
1|003321|110418|3960|00|60|BLANQUETA-M|1642,47    |164,25     |1770,59    |36,13      |0,00       |
1|003322|110418|3961|00|60|BLANQUETA-M|357,75     |35,78      |385,66     |7,87       |0,00       |
1|003323|110418|3962|00|60|BLANQUETA-M|3177,77    |317,78     |3425,64    |69,91      |0,00       |
1|003324|110418|3963|00|60|BLANQUETA-M|1254,79    |125,48     |1352,66    |27,61      |0,00       |
1|003325|110418|3964|00|60|BLANQUETA-M|880,92     |88,09      |949,63     |19,38      |0,00       |
1|003326|110418|3965|00|60|BLANQUETA-M|266,71     |26,67      |287,51     |5,87       |0,00       |
1|003327|110418|3966|00|60|BLANQUETA-M|222,74     |22,27      |240,11     |4,90       |0,00       |
1|003328|110418|3967|00|60|BLANQUETA-M|796,86     |79,69      |859,02     |17,53      |0,00       |
1|003329|110418|3968|00|60|BLANQUETA-M|1638,14    |163,81     |1765,91    |36,04      |0,00       |
1|003330|110418|3970|00|60|BLANQUETA-M|2017,06    |201,71     |2174,39    |44,38      |0,00       |
1|003331|110418|3971|00|60|BLANQUETA-M|1998,07    |199,81     |2153,92    |43,96      |0,00       |
1|003332|110418|3972|00|60|BLANQUETA-M|324,18     |32,42      |349,47     |7,13       |0,00       |
1|003333|110418|3973|00|60|BLANQUETA-M|1121,58    |112,16     |1209,07    |24,67      |0,00       |
